16884.924
1725.5523
4449.462
21984.47061
3866.8552
3756.6216
8240.5896
7281.5056
6406.4107
28923.13692
2721.3208
27808.7251
1826.843
9090.7178
39611.7577
1837.237
10797.3362
2395.17155
8602.385
36837.467
9228.84695
4149.736
1137.011
37701.8768
6203.90175
14001.1338
14451.83515
12268.63225
2775.19215
38711
15585.576
2198.18985
4687.797
13770.0979
51194.55914
1625.43375
15612.19335
2302.3
39774.2763
48173.361
3046.062
4949.7587
6272.4772
6313.759
6079.6715
20630.28351
3393.35635
3556.9223
12629.8967
38709.176
2211.13075
3579.8287
23568.272
32742.5757
8059.6791
47496.49445
13607.36875
34303.1672
23244.7902
5989.52365
8606.2174
4504.6624
30166.61817
4133.64165
14711.7438
1743.214
14235.072
6389.37785
5920.1041
17663.1442
16577.7795
6799.458
7841.726
11946.6259
7726.854
11356.6609
3947.4131
1532.4697
2755.02095
6571.02435
4441.21315
7935.29115
27165.1638
11033.6617
19836.519
21098.55405
43578.9394
11073.176
8026.6666
11082.5772
2026.9741
9942.13205
30184.9367
5729.0053
42291.055
3766.8838
12105.32
10226.2842
22412.6485
15820.699
6186.127
3645.0894
21344.8467
29942.1918
5003.853
17560.37975
2331.519
3877.30425
2867.1196
42055.5321
10825.2537
11881.358
4646.759
2404.7338
11488.31695
28259.99556
11381.3254
19107.7796
8601.3293
6686.4313
7740.337
1705.6245
2257.47525
39556.4945
10115.00885
3385.39915
17081.08
9634.538
32734.1863
6082.405
12815.44495
13616.3586
11163.568
1632.56445
2457.21115
2155.6815
1261.442
2045.68525
27322.73386
2166.732
27375.90478
3490.5491
18972.495
18157.876
20745.9891
5138.2567
40720.55105
9877.6077
10959.6947